-0.0050 0.98781567    
-0.0049 1.0117017    
-0.0048 1.0106905    
-0.0047 1.0096803    
-0.0046 1.0086711    
-0.0045 1.0076630    
-0.0044 1.0066558    
-0.0043 1.0056497    
-0.0042 1.0046445    
-0.0041 1.0036404    
-0.0040 1.0026372    
-0.0039 1.0016351    
-0.0038 1.0006340    
-0.0037 0.99963382    
-0.0036 0.99863469    
-0.0035 0.99763655    
-0.0034 0.99663941    
-0.0033 0.99564327    
-0.0032 0.99464813    
-0.0031 0.99365398    
-0.0030 0.99266082    
-0.0029 0.99166865    
-0.0028 0.99067748    
-0.0027 0.98968730    
-0.0026 0.98869811    
-0.0025 1.0128235    
-0.0024 1.0118112    
-0.0023 1.0107999    
-0.0022 1.0097896    
-0.0021 1.0087803    
-0.0020 1.0077720    
-0.0019 1.0067648    
-0.0018 1.0057585    
-0.0017 1.0047532    
-0.0016 1.0037490    
-0.0015 1.0027457    
-0.0014 1.0017435    
-0.0013 1.0007422    
-0.0012 0.99974201    
-0.0011 0.99874276    
-0.0010 0.99774452    
-0.0009 0.99674728    
-0.0008 0.99575103    
-0.0007 0.99475577    
-0.0006 0.99376151    
-0.0005 0.99276825    
-0.0004 0.99177598    
-0.0003 0.99078470    
-0.0002 0.98979441    
-0.0001 0.98880511    
0.0 0.98781567    
0.0001 1.0117017    
0.0002 1.0106905    
0.0003 1.0096803    
0.0004 1.0086711    
0.0005 1.0076630    
0.0006 1.0066558    
0.0007 1.0056497    
0.0008 1.0046445    
0.0009 1.0036404    
0.0010 1.0026372    
0.0011 1.0016351    
0.0012 1.0006340    
0.0013 0.99963382    
0.0014 0.99863469    
0.0015 0.99763655    
0.0016 0.99663941    
0.0017 0.99564327    
0.0018 0.99464813    
0.0019 0.99365398    
0.0020 0.99266082    
0.0021 0.99166865    
0.0022 0.99067748    
0.0023 0.98968730    
0.0024 0.98869811    
0.0025 0.98770876    
0.0026 1.0118112    
0.0027 1.0107999    
0.0028 1.0097896    
0.0029 1.0087803    
0.0030 1.0077720    
0.0031 1.0067648    
0.0032 1.0057585    
0.0033 1.0047532    
0.0034 1.0037490    
0.0035 1.0027457    
0.0036 1.0017435    
0.0037 1.0007422    
0.0038 0.99974201    
0.0039 0.99874276    
0.0040 0.99774452    
0.0041 0.99674728    
0.0042 0.99575103    
0.0043 0.99475577    
0.0044 0.99376151    
0.0045 0.99276825    
0.0046 0.99177598    
0.0047 0.99078470    
0.0048 0.98979441    
0.0049 0.98880511    
0.0050 0.98781567    
