-0.0050 0.99987316    
-0.0049 1.0003920    
-0.0048 1.0000834    
-0.0047 0.99984480    
-0.0046 1.0003642    
-0.0045 1.0001258    
-0.0044 0.99988723    
-0.0043 1.0002984    
-0.0042 1.0000601    
-0.0041 0.99982210    
-0.0040 1.0004124    
-0.0039 1.0000644    
-0.0038 0.99986629    
-0.0037 1.0001693    
-0.0036 0.99982270    
-0.0035 0.99990894    
-0.0034 0.99999545    
-0.0033 0.99975707    
-0.0032 0.99995155    
-0.0031 0.99982184    
-0.0030 0.99962749    
-0.0029 1.0000371    
-0.0028 0.99975710    
-0.0027 0.99951867    
-0.0026 1.0000379    
-0.0025 0.99979961    
-0.0024 0.99956117    
-0.0023 1.0000804    
-0.0022 0.99984209    
-0.0021 0.99960393    
-0.0020 1.0002427    
-0.0019 0.99989521    
-0.0018 0.99954132    
-0.0017 1.0000607    
-0.0016 0.99982243    
-0.0015 0.99958402    
-0.0014 1.0001034    
-0.0013 0.99986513    
-0.0012 0.99962669    
-0.0011 1.0001463    
-0.0010 1.0000250    
-0.0009 0.99978559    
-0.0008 1.0001920    
-0.0007 0.99995369    
-0.0006 0.99971520    
-0.0005 1.0002346    
-0.0004 0.99999626    
-0.0003 0.99975775    
-0.0002 1.0002772    
-0.0001 1.0000393    
0.0 0.99987316    
0.0001 1.0003920    
0.0002 1.0000834    
0.0003 0.99984480    
0.0004 1.0003642    
0.0005 1.0001258    
0.0006 0.99988723    
0.0007 1.0002984    
0.0008 1.0000601    
0.0009 0.99982210    
0.0010 1.0004124    
0.0011 1.0000644    
0.0012 0.99986629    
0.0013 1.0001693    
0.0014 0.99982270    
0.0015 0.99990894    
0.0016 0.99999545    
0.0017 0.99975707    
0.0018 0.99995155    
0.0019 0.99982184    
0.0020 0.99962749    
0.0021 1.0000371    
0.0022 0.99975710    
0.0023 0.99951867    
0.0024 1.0000379    
0.0025 0.99979961    
0.0026 0.99956117    
0.0027 1.0000804    
0.0028 0.99984209    
0.0029 0.99960393    
0.0030 1.0002427    
0.0031 0.99989521    
0.0032 0.99954132    
0.0033 1.0000607    
0.0034 0.99982243    
0.0035 0.99958402    
0.0036 1.0001034    
0.0037 0.99986513    
0.0038 0.99962669    
0.0039 1.0001463    
0.0040 1.0000250    
0.0041 0.99978559    
0.0042 1.0001920    
0.0043 0.99995369    
0.0044 0.99971520    
0.0045 1.0002346    
0.0046 0.99999626    
0.0047 0.99975775    
0.0048 1.0002772    
0.0049 1.0000393    
0.0050 0.99987316    
