-0.0050 0.99992651    
-0.0049 0.99999447    
-0.0048 0.99975244    
-0.0047 0.99993683    
-0.0046 1.0000196    
-0.0045 0.99977760    
-0.0044 0.99996723    
-0.0043 1.0000500    
-0.0042 0.99980744    
-0.0041 0.99999831    
-0.0040 0.99997286    
-0.0039 0.99973079    
-0.0038 1.0000298    
-0.0037 1.0000043    
-0.0036 0.99965397    
-0.0035 1.0000614    
-0.0034 0.99981950    
-0.0033 0.99957744    
-0.0032 1.0000931    
-0.0031 0.99985119    
-0.0030 0.99960913    
-0.0029 1.0001248    
-0.0028 0.99988288    
-0.0027 0.99964080    
-0.0026 1.0001565    
-0.0025 0.99991454    
-0.0024 0.99967244    
-0.0023 1.0001881    
-0.0022 0.99994617    
-0.0021 0.99970406    
-0.0020 1.0002198    
-0.0019 0.99997778    
-0.0018 0.99973566    
-0.0017 1.0003126    
-0.0016 1.0000706    
-0.0015 0.99982836    
-0.0014 1.0002358    
-0.0013 1.0000054    
-0.0012 0.99987142    
-0.0011 1.0001758    
-0.0010 0.99993370    
-0.0009 0.99990801    
-0.0008 1.0002072    
-0.0007 0.99996614    
-0.0006 0.99994044    
-0.0005 1.0001318    
-0.0004 0.99988974    
-0.0003 0.99989477    
-0.0002 1.0000859    
-0.0001 0.99984386    
0.0 0.99992651    
0.0001 0.99999447    
0.0002 0.99975244    
0.0003 0.99993683    
0.0004 1.0000196    
0.0005 0.99977760    
0.0006 0.99996723    
0.0007 1.0000500    
0.0008 0.99980744    
0.0009 0.99999831    
0.0010 0.99997286    
0.0011 0.99973079    
0.0012 1.0000298    
0.0013 1.0000043    
0.0014 0.99965397    
0.0015 1.0000614    
0.0016 0.99981950    
0.0017 0.99957744    
0.0018 1.0000931    
0.0019 0.99985119    
0.0020 0.99960913    
0.0021 1.0001248    
0.0022 0.99988288    
0.0023 0.99964080    
0.0024 1.0001565    
0.0025 0.99991454    
0.0026 0.99967244    
0.0027 1.0001881    
0.0028 0.99994617    
0.0029 0.99970406    
0.0030 1.0002198    
0.0031 0.99997778    
0.0032 0.99973566    
0.0033 1.0003126    
0.0034 1.0000706    
0.0035 0.99982836    
0.0036 1.0002358    
0.0037 1.0000054    
0.0038 0.99987142    
0.0039 1.0001758    
0.0040 0.99993370    
0.0041 0.99990801    
0.0042 1.0002072    
0.0043 0.99996614    
0.0044 0.99994044    
0.0045 1.0001318    
0.0046 0.99988974    
0.0047 0.99989477    
0.0048 1.0000859    
0.0049 0.99984386    
0.0050 0.99992651    
