-0.0050 0.99870741    
-0.0049 0.99911570    
-0.0048 0.99963181    
-0.0047 1.0000392    
-0.0046 1.0004462    
-0.0045 1.0008528    
-0.0044 1.0012589    
-0.0043 1.0017729    
-0.0042 1.0021782    
-0.0041 1.0022583    
-0.0040 1.0012565    
-0.0039 1.0002558    
-0.0038 0.99925603    
-0.0037 0.99825727    
-0.0036 0.99725952    
-0.0035 0.99626276    
-0.0034 0.99526699    
-0.0033 0.99524610    
-0.0032 0.99576610    
-0.0031 0.99617740    
-0.0030 0.99658826    
-0.0029 0.99699869    
-0.0028 0.99740865    
-0.0027 0.99792646    
-0.0026 0.99833559    
-0.0025 0.99874428    
-0.0024 0.99915254    
-0.0023 0.99946419    
-0.0022 0.99997992    
-0.0021 1.0004086    
-0.0020 1.0008152    
-0.0019 1.0013296    
-0.0018 1.0017353    
-0.0017 1.0021406    
-0.0016 1.0022208    
-0.0015 1.0012191    
-0.0014 1.0002184    
-0.0013 0.99921865    
-0.0012 0.99821993    
-0.0011 0.99722221    
-0.0010 0.99622549    
-0.0009 0.99522976    
-0.0008 0.99520891    
-0.0007 0.99562069    
-0.0006 0.99614027    
-0.0005 0.99655118    
-0.0004 0.99696164    
-0.0003 0.99747993    
-0.0002 0.99778127    
-0.0001 0.99829868    
0.0 0.99870741    
0.0001 0.99911570    
0.0002 0.99963181    
0.0003 1.0000392    
0.0004 1.0004462    
0.0005 1.0008528    
0.0006 1.0012589    
0.0007 1.0017729    
0.0008 1.0021782    
0.0009 1.0022583    
0.0010 1.0012565    
0.0011 1.0002558    
0.0012 0.99925603    
0.0013 0.99825727    
0.0014 0.99725952    
0.0015 0.99626276    
0.0016 0.99526699    
0.0017 0.99524610    
0.0018 0.99576610    
0.0019 0.99617740    
0.0020 0.99658826    
0.0021 0.99699869    
0.0022 0.99740865    
0.0023 0.99792646    
0.0024 0.99833559    
0.0025 0.99874428    
0.0026 0.99915254    
0.0027 0.99946419    
0.0028 0.99997992    
0.0029 1.0004086    
0.0030 1.0008152    
0.0031 1.0013296    
0.0032 1.0017353    
0.0033 1.0021406    
0.0034 1.0022208    
0.0035 1.0012191    
0.0036 1.0002184    
0.0037 0.99921865    
0.0038 0.99821993    
0.0039 0.99722221    
0.0040 0.99622549    
0.0041 0.99522976    
0.0042 0.99520891    
0.0043 0.99562069    
0.0044 0.99614027    
0.0045 0.99655118    
0.0046 0.99696164    
0.0047 0.99747993    
0.0048 0.99778127    
0.0049 0.99829868    
0.0050 0.99870741    
