-0.0050 1.0001623    
-0.0049 0.99970362    
-0.0048 0.99935356    
-0.0047 0.99889570    
-0.0046 0.99887107    
-0.0045 0.99906280    
-0.0044 0.99925440    
-0.0043 0.99933759    
-0.0042 0.99953169    
-0.0041 0.99972285    
-0.0040 0.99980041    
-0.0039 0.99999127    
-0.0038 1.0001820    
-0.0037 1.0002643    
-0.0036 1.0004547    
-0.0035 1.0004285    
-0.0034 1.0006186    
-0.0033 1.0008086    
-0.0032 1.0008902    
-0.0031 1.0010799    
-0.0030 1.0012695    
-0.0029 1.0013507    
-0.0028 1.0014317    
-0.0027 1.0010799    
-0.0026 1.0006203    
-0.0025 1.0001612    
-0.0024 0.99981072    
-0.0023 0.99935242    
-0.0022 0.99889454    
-0.0021 0.99897817    
-0.0020 0.99916992    
-0.0019 0.99925326    
-0.0018 0.99933645    
-0.0017 0.99941951    
-0.0016 0.99961065    
-0.0015 0.99980166    
-0.0014 0.99988428    
-0.0013 1.0000750    
-0.0012 1.0002656    
-0.0011 1.0003477    
-0.0010 1.0005380    
-0.0009 1.0007283    
-0.0008 1.0008100    
-0.0007 1.0009996    
-0.0006 1.0011894    
-0.0005 1.0012707    
-0.0004 1.0014601    
-0.0003 1.0015411    
-0.0002 1.0009728    
-0.0001 1.0006215    
0.0 1.0001623    
0.0001 0.99970362    
0.0002 0.99935356    
0.0003 0.99889570    
0.0004 0.99887107    
0.0005 0.99906280    
0.0006 0.99925440    
0.0007 0.99933759    
0.0008 0.99953169    
0.0009 0.99972285    
0.0010 0.99980041    
0.0011 0.99999127    
0.0012 1.0001820    
0.0013 1.0002643    
0.0014 1.0004547    
0.0015 1.0004285    
0.0016 1.0006186    
0.0017 1.0008086    
0.0018 1.0008902    
0.0019 1.0010799    
0.0020 1.0012695    
0.0021 1.0013507    
0.0022 1.0014317    
0.0023 1.0010799    
0.0024 1.0006203    
0.0025 1.0001612    
0.0026 0.99981072    
0.0027 0.99935242    
0.0028 0.99889454    
0.0029 0.99897817    
0.0030 0.99916992    
0.0031 0.99925326    
0.0032 0.99933645    
0.0033 0.99941951    
0.0034 0.99961065    
0.0035 0.99980166    
0.0036 0.99988428    
0.0037 1.0000750    
0.0038 1.0002656    
0.0039 1.0003477    
0.0040 1.0005380    
0.0041 1.0007283    
0.0042 1.0008100    
0.0043 1.0009996    
0.0044 1.0011894    
0.0045 1.0012707    
0.0046 1.0014601    
0.0047 1.0015411    
0.0048 1.0009728    
0.0049 1.0006215    
0.0050 1.0001623    
