-0.0050 1.0012001    
-0.0049 1.0003334    
-0.0048 0.99946743    
-0.0047 0.99860224    
-0.0046 0.99773780    
-0.0045 0.99687411    
-0.0044 0.99601117    
-0.0043 0.99514897    
-0.0042 0.99428752    
-0.0041 0.99342681    
-0.0040 0.99256685    
-0.0039 0.99170763    
-0.0038 0.99084916    
-0.0037 0.98999143    
-0.0036 0.98913445    
-0.0035 0.98827820    
-0.0034 0.98742172    
-0.0033 0.98656695    
-0.0032 0.98571293    
-0.0031 1.0064946    
-0.0030 1.0056233    
-0.0029 1.0047528    
-0.0028 1.0038831    
-0.0027 1.0030140    
-0.0026 1.0021458    
-0.0025 1.0012783    
-0.0024 1.0004115    
-0.0023 0.99954552    
-0.0022 0.99868026    
-0.0021 0.99781575    
-0.0020 0.99695199    
-0.0019 0.99608898    
-0.0018 0.99522573    
-0.0017 0.99436421    
-0.0016 0.99350344    
-0.0015 1.0142909    
-0.0014 1.0134129    
-0.0013 1.0125356    
-0.0012 1.0116591    
-0.0011 1.0107833    
-0.0010 1.0099084    
-0.0009 1.0090341    
-0.0008 1.0081607    
-0.0007 1.0072879    
-0.0006 1.0064160    
-0.0005 1.0055448    
-0.0004 1.0046743    
-0.0003 1.0038046    
-0.0002 1.0029357    
-0.0001 1.0020675    
0.0 1.0012001    
0.0001 1.0003334    
0.0002 0.99946743    
0.0003 0.99860224    
0.0004 0.99773780    
0.0005 0.99687411    
0.0006 0.99601117    
0.0007 0.99514897    
0.0008 0.99428752    
0.0009 0.99342681    
0.0010 0.99256685    
0.0011 0.99170763    
0.0012 0.99084916    
0.0013 0.98999143    
0.0014 0.98913445    
0.0015 0.98827820    
0.0016 0.98742172    
0.0017 0.98656695    
0.0018 0.98571293    
0.0019 1.0064946    
0.0020 1.0056233    
0.0021 1.0047528    
0.0022 1.0038831    
0.0023 1.0030140    
0.0024 1.0021458    
0.0025 1.0012783    
0.0026 1.0004115    
0.0027 0.99954552    
0.0028 0.99868026    
0.0029 0.99781575    
0.0030 0.99695199    
0.0031 0.99608898    
0.0032 0.99522573    
0.0033 0.99436421    
0.0034 0.99350344    
0.0035 1.0142909    
0.0036 1.0134129    
0.0037 1.0125356    
0.0038 1.0116591    
0.0039 1.0107833    
0.0040 1.0099084    
0.0041 1.0090341    
0.0042 1.0081607    
0.0043 1.0072879    
0.0044 1.0064160    
0.0045 1.0055448    
0.0046 1.0046743    
0.0047 1.0038046    
0.0048 1.0029357    
0.0049 1.0020675    
0.0050 1.0012001    
