-0.0050 1.0000597    
-0.0049 0.99989297    
-0.0048 1.0000166    
-0.0047 1.0000032    
-0.0046 0.99990381    
-0.0045 1.0000078    
-0.0044 1.0000173    
-0.0043 0.99993207    
-0.0042 0.99989330    
-0.0041 0.99992333    
-0.0040 1.0000810    
-0.0039 0.99997364    
-0.0038 0.99989086    
-0.0037 0.99995165    
-0.0036 0.99989484    
-0.0035 0.99989563    
-0.0034 0.99999599    
-0.0033 1.0000132    
-0.0032 0.99988501    
-0.0031 0.99990968    
-0.0030 0.99983141    
-0.0029 0.99994570    
-0.0028 0.99992487    
-0.0027 0.99993602    
-0.0026 0.99986995    
-0.0025 0.99988236    
-0.0024 0.99995369    
-0.0023 0.99988436    
-0.0022 0.99976753    
-0.0021 0.99989408    
-0.0020 0.99991518    
-0.0019 1.0000303    
-0.0018 0.99991276    
-0.0017 0.99992275    
-0.0016 0.99995157    
-0.0015 0.99989469    
-0.0014 0.99994059    
-0.0013 0.99999882    
-0.0012 1.0001099    
-0.0011 1.0001840    
-0.0010 1.0000903    
-0.0009 0.99987971    
-0.0008 1.0000057    
-0.0007 1.0001400    
-0.0006 1.0000368    
-0.0005 1.0000056    
-0.0004 1.0000366    
-0.0003 1.0000751    
-0.0002 1.0000801    
-0.0001 0.99993933    
0.0 1.0000597    
0.0001 0.99989297    
0.0002 1.0000166    
0.0003 1.0000032    
0.0004 0.99990381    
0.0005 1.0000078    
0.0006 1.0000173    
0.0007 0.99993207    
0.0008 0.99989330    
0.0009 0.99992333    
0.0010 1.0000810    
0.0011 0.99997364    
0.0012 0.99989086    
0.0013 0.99995165    
0.0014 0.99989484    
0.0015 0.99989563    
0.0016 0.99999599    
0.0017 1.0000132    
0.0018 0.99988501    
0.0019 0.99990968    
0.0020 0.99983141    
0.0021 0.99994570    
0.0022 0.99992487    
0.0023 0.99993602    
0.0024 0.99986995    
0.0025 0.99988236    
0.0026 0.99995369    
0.0027 0.99988436    
0.0028 0.99976753    
0.0029 0.99989408    
0.0030 0.99991518    
0.0031 1.0000303    
0.0032 0.99991276    
0.0033 0.99992275    
0.0034 0.99995157    
0.0035 0.99989469    
0.0036 0.99994059    
0.0037 0.99999882    
0.0038 1.0001099    
0.0039 1.0001840    
0.0040 1.0000903    
0.0041 0.99987971    
0.0042 1.0000057    
0.0043 1.0001400    
0.0044 1.0000368    
0.0045 1.0000056    
0.0046 1.0000366    
0.0047 1.0000751    
0.0048 1.0000801    
0.0049 0.99993933    
0.0050 1.0000597    
