      -0.30000000E-01 0.99920626    
      -0.29393939E-01 1.0021935    
      -0.28787879E-01 1.0051539    
      -0.28181818E-01 1.0036650    
      -0.27575758E-01 0.99765190    
      -0.26969697E-01 1.0032030    
      -0.26363636E-01 1.0021452    
      -0.25757576E-01 1.0051201    
      -0.25151515E-01 0.99909826    
      -0.24545455E-01 1.0020754    
      -0.23939394E-01 1.0050388    
      -0.23333333E-01 1.0079902    
      -0.22727273E-01 1.0019730    
      -0.22121212E-01 1.0004535    
      -0.21515152E-01 1.0034350    
      -0.20909091E-01 1.0063898    
      -0.20303030E-01 1.0048477    
      -0.19696970E-01 0.99882747    
      -0.19090909E-01 1.0018082    
      -0.18484848E-01 1.0069321    
      -0.17878788E-01 1.0053835    
      -0.17272727E-01 0.99936012    
      -0.16666667E-01 1.0022935    
      -0.16060606E-01 1.0052574    
      -0.15454545E-01 1.0082093    
      -0.14848485E-01 1.0021689    
      -0.14242424E-01 1.0006491    
      -0.13636364E-01 1.0036315    
      -0.13030303E-01 1.0065850    
      -0.12424242E-01 0.99640434    
      -0.11818182E-01 0.99043473    
      -0.11212121E-01 0.99347177    
      -0.10606061E-01 0.99648647    
      -0.10000000E-01 0.99500136    
      -0.93939394E-02 0.98904016    
      -0.87878788E-02 0.99188493    
      -0.81818182E-02 0.99495977    
      -0.75757576E-02 0.99797492    
      -0.69696970E-02 0.99455723    
      -0.63636364E-02 0.99308391    
      -0.57575758E-02 0.99611344    
      -0.51515152E-02 0.99911554    
      -0.45454545E-02 0.99313188    
      -0.39393939E-02 0.99166393    
      -0.33333333E-02 0.99469542    
      -0.27272727E-02 0.99769989    
      -0.21212121E-02 0.99620842    
      -0.15151515E-02 0.99023998    
      -0.90909091E-03 0.99777232    
      -0.30303030E-03 1.0009838    
       0.30303030E-03 1.0039647    
       0.90909091E-03 0.99794555    
       0.15151515E-02 1.0030922    
       0.21212121E-02 1.0060486    
       0.27272727E-02 1.0089930    
       0.33333333E-02 1.0029480    
       0.39393939E-02 1.0014221    
       0.45454545E-02 1.0043970    
       0.51515152E-02 1.0069272    
       0.57575758E-02 1.0053813    
       0.63636364E-02 0.99935793    
       0.69696970E-02 1.0023388    
       0.75757576E-02 1.0011431    
       0.81818182E-02 1.0041249    
       0.87878788E-02 0.99808947    
       0.93939394E-02 1.0010761    
       0.10000000E-01 1.0040464    
       0.10606061E-01 1.0070046    
       0.11212121E-01 1.0007774    
       0.11818182E-01 0.99926549    
       0.12424242E-01 1.0022553    
       0.13030303E-01 1.0052183    
       0.13636364E-01 0.99966285    
       0.14242424E-01 0.99367372    
       0.14848485E-01 0.99669045    
       0.15454545E-01 0.99968025    
       0.16060606E-01 0.99817556    
       0.16666667E-01 0.99219534    
       0.17272727E-01 0.99523622    
       0.17878788E-01 0.99824333    
       0.18484848E-01 1.0012381    
       0.19090909E-01 0.99973841    
       0.19696970E-01 0.99845043    
       0.20303030E-01 1.0014469    
       0.20909091E-01 1.0044162    
       0.21515152E-01 0.99839855    
       0.22121212E-01 0.99689860    
       0.22727273E-01 0.99989781    
       0.23333333E-01 1.0028284    
       0.23939394E-01 1.0013057    
       0.24545455E-01 0.99530675    
       0.25151515E-01 0.99789098    
       0.25757576E-01 1.0008840    
       0.26363636E-01 1.0038646    
       0.26969697E-01 0.99784852    
       0.27575758E-01 1.0008294    
       0.28181818E-01 1.0038135    
       0.28787879E-01 1.0067508    
       0.29393939E-01 1.0007192    
       0.30000000E-01 0.99920626    
