      -0.30000000E-01 1.0010211    
      -0.29393939E-01 1.0039881    
      -0.28787879E-01 1.0024336    
      -0.28181818E-01 1.0008890    
      -0.27575758E-01 0.99930022    
      -0.26969697E-01 1.0022679    
      -0.26363636E-01 1.0007324    
      -0.25757576E-01 1.0036890    
      -0.25151515E-01 1.0021408    
      -0.24545455E-01 1.0013523    
      -0.23939394E-01 1.0042992    
      -0.23333333E-01 1.0027215    
      -0.22727273E-01 1.0011686    
      -0.22121212E-01 0.99514184    
      -0.21515152E-01 0.99811641    
      -0.20909091E-01 0.99210798    
      -0.20303030E-01 0.99509822    
      -0.19696970E-01 0.99359272    
      -0.19090909E-01 0.99656658    
      -0.18484848E-01 1.0040225    
      -0.17878788E-01 1.0024771    
      -0.17272727E-01 1.0009199    
      -0.16666667E-01 0.99901573    
      -0.16060606E-01 0.99748074    
      -0.15454545E-01 0.99597248    
      -0.14848485E-01 0.99445109    
      -0.14242424E-01 1.0019310    
      -0.13636364E-01 1.0003986    
      -0.13030303E-01 0.99886507    
      -0.12424242E-01 1.0018367    
      -0.11818182E-01 0.99583025    
      -0.11212121E-01 0.99881816    
      -0.10606061E-01 0.99280534    
      -0.10000000E-01 0.99580380    
      -0.93939394E-02 0.99430279    
      -0.87878788E-02 0.99968349    
      -0.81818182E-02 0.99815540    
      -0.75757576E-02 0.99662645    
      -0.69696970E-02 0.99959340    
      -0.63636364E-02 0.99805187    
      -0.57575758E-02 1.0010081    
      -0.51515152E-02 0.99948205    
      -0.45454545E-02 0.99794946    
      -0.39393939E-02 0.99642636    
      -0.33333333E-02 0.99937040    
      -0.27272727E-02 1.0023324    
      -0.21212121E-02 1.0007969    
      -0.15151515E-02 1.0037431    
      -0.90909091E-03 1.0010181    
      -0.30303030E-03 0.99947064    
       0.30303030E-03 0.99794489    
       0.90909091E-03 0.99641220    
       0.15151515E-02 1.0038800    
       0.21212121E-02 1.0023354    
       0.27272727E-02 1.0007900    
       0.33333333E-02 1.0037492    
       0.39393939E-02 1.0022681    
       0.45454545E-02 1.0052162    
       0.51515152E-02 0.99916524    
       0.57575758E-02 1.0021246    
       0.63636364E-02 0.99609201    
       0.69696970E-02 0.99906743    
       0.75757576E-02 0.99754262    
       0.81818182E-02 0.99601692    
       0.87878788E-02 0.99898668    
       0.93939394E-02 0.99744799    
       0.10000000E-01 1.0004017    
       0.10606061E-01 0.99887890    
       0.11212121E-01 0.99974317    
       0.11818182E-01 0.99372496    
       0.12424242E-01 0.99665901    
       0.13030303E-01 0.99963652    
       0.13636364E-01 1.0025926    
       0.14242424E-01 1.0055271    
       0.14848485E-01 1.0084676    
       0.15454545E-01 1.0031575    
       0.16060606E-01 1.0016091    
       0.16666667E-01 1.0000539    
       0.17272727E-01 0.99853390    
       0.17878788E-01 0.99702126    
       0.18484848E-01 1.0000011    
       0.19090909E-01 0.99729862    
       0.19696970E-01 0.99577919    
       0.20303030E-01 0.99876042    
       0.20909091E-01 0.99722847    
       0.21515152E-01 1.0001988    
       0.22121212E-01 0.99417784    
       0.22727273E-01 0.99715907    
       0.23333333E-01 0.99527167    
       0.23939394E-01 0.99832045    
       0.24545455E-01 0.99679597    
       0.25151515E-01 0.99526942    
       0.25757576E-01 1.0027337    
       0.26363636E-01 1.0011964    
       0.26969697E-01 0.99965244    
       0.27575758E-01 0.99812999    
       0.28181818E-01 0.99662513    
       0.28787879E-01 0.99960218    
       0.29393939E-01 0.99806037    
       0.30000000E-01 1.0010211    
