      -0.30000000E-01 0.98359164    
      -0.29393939E-01 0.99112367    
      -0.28787879E-01 0.98514071    
      -0.28181818E-01 0.98366909    
      -0.27575758E-01 0.98670361    
      -0.26969697E-01 0.98974232    
      -0.26363636E-01 0.98824159    
      -0.25757576E-01 0.98676000    
      -0.25151515E-01 0.98979340    
      -0.24545455E-01 0.98381847    
      -0.23939394E-01 0.99132040    
      -0.23333333E-01 0.98982898    
      -0.22727273E-01 0.98385411    
      -0.22121212E-01 0.98686825    
      -0.21515152E-01 0.99437804    
      -0.20909091E-01 0.99289846    
      -0.20303030E-01 0.99137912    
      -0.19696970E-01 0.99463021    
      -0.19090909E-01 1.0021121    
      -0.18484848E-01 1.0005358    
      -0.17878788E-01 1.0034566    
      -0.17272727E-01 1.0018900    
      -0.16666667E-01 0.99254410    
      -0.16060606E-01 0.99998318    
      -0.15454545E-01 1.0029248    
      -0.14848485E-01 0.99687057    
      -0.14242424E-01 0.99532541    
      -0.13636364E-01 1.0027739    
      -0.13030303E-01 1.0012156    
      -0.12424242E-01 0.99964518    
      -0.11818182E-01 0.99809181    
      -0.11212121E-01 1.0055497    
      -0.10606061E-01 0.99947970    
      -0.10000000E-01 1.0024050    
      -0.93939394E-02 1.0008438    
      -0.87878788E-02 0.99480213    
      -0.81818182E-02 1.0022247    
      -0.75757576E-02 1.0051512    
      -0.69696970E-02 1.0035827    
      -0.63636364E-02 0.99752416    
      -0.57575758E-02 1.0004686    
      -0.51515152E-02 0.99892331    
      -0.45454545E-02 0.99289327    
      -0.39393939E-02 0.99137997    
      -0.33333333E-02 0.99437904    
      -0.27272727E-02 0.98837643    
      -0.21212121E-02 0.98688572    
      -0.15151515E-02 0.98541744    
      -0.90909091E-03 0.98849199    
      -0.30303030E-03 0.98699905    
       0.30303030E-03 0.98552540    
       0.90909091E-03 0.98856734    
       0.15151515E-02 0.98256580    
       0.21212121E-02 0.99007662    
       0.27272727E-02 0.98859316    
       0.33333333E-02 0.98262547    
       0.39393939E-02 0.98564791    
       0.45454545E-02 0.99316640    
       0.51515152E-02 0.98717111    
       0.57575758E-02 0.98568678    
       0.63636364E-02 0.98870824    
       0.69696970E-02 0.99173396    
       0.75757576E-02 0.99022076    
       0.81818182E-02 0.98872657    
       0.87878788E-02 0.99174701    
       0.93939394E-02 0.98576028    
       0.10000000E-01 0.99772404    
       0.10606061E-01 1.0006802    
       0.11212121E-01 0.99463951    
       0.11818182E-01 0.99758744    
       0.12424242E-01 1.0095148    
       0.13030303E-01 1.0079162    
       0.13636364E-01 1.0063058    
       0.14242424E-01 1.0047129    
       0.14848485E-01 1.0121324    
       0.15454545E-01 1.0060226    
       0.16060606E-01 1.0089093    
       0.16666667E-01 1.0073094    
       0.17272727E-01 1.0012290    
       0.17878788E-01 1.0086144    
       0.18484848E-01 1.0115030    
       0.19090909E-01 1.0098966    
       0.19696970E-01 1.0037997    
       0.20303030E-01 1.0114606    
       0.20909091E-01 1.0098494    
       0.21515152E-01 1.0081928    
       0.22121212E-01 1.0065876    
       0.22727273E-01 1.0094958    
       0.23333333E-01 1.0001039    
       0.23939394E-01 0.99854285    
       0.24545455E-01 0.99700465    
       0.25151515E-01 0.99098618    
       0.25757576E-01 0.99395174    
       0.26363636E-01 0.99243656    
       0.26969697E-01 0.99094440    
       0.27575758E-01 0.98496212    
       0.28181818E-01 0.98798152    
       0.28787879E-01 0.98651115    
       0.29393939E-01 0.98055603    
       0.30000000E-01 0.98359164    
