      -0.10000000E-01 1.0002618    
      -0.97979798E-02 1.0002432    
      -0.95959596E-02 1.0002255    
      -0.93939394E-02 1.0002053    
      -0.91919192E-02 1.0001860    
      -0.89898990E-02 0.99966866    
      -0.87878788E-02 0.99865228    
      -0.85858586E-02 1.0001339    
      -0.83838384E-02 0.99961607    
      -0.81818182E-02 0.99859944    
      -0.79797980E-02 0.99808381    
      -0.77777778E-02 1.0005687    
      -0.75757576E-02 0.99955082    
      -0.73737374E-02 0.99853382    
      -0.71717172E-02 0.99901755    
      -0.69696970E-02 0.99950135    
      -0.67676768E-02 0.99949639    
      -0.65656566E-02 0.99947842    
      -0.63636364E-02 0.99946171    
      -0.61616162E-02 0.99944528    
      -0.59595960E-02 1.0005622    
      -0.57575758E-02 1.0005434    
      -0.55555556E-02 0.99952552    
      -0.53535354E-02 0.99900792    
      -0.51515152E-02 1.0014892    
      -0.49494949E-02 1.0004521    
      -0.47474747E-02 0.99993322    
      -0.45454545E-02 0.99991498    
      -0.43434343E-02 1.0013963    
      -0.41414141E-02 1.0012036    
      -0.39393939E-02 1.0006830    
      -0.37373737E-02 1.0006638    
      -0.35353535E-02 1.0006454    
      -0.33333333E-02 1.0011240    
      -0.31313131E-02 1.0016030    
      -0.29292929E-02 1.0005829    
      -0.27272727E-02 1.0000636    
      -0.25252525E-02 1.0020426    
      -0.23232323E-02 1.0015211    
      -0.21212121E-02 1.0010001    
      -0.19191919E-02 1.0004798    
      -0.17171717E-02 1.0019598    
      -0.15151515E-02 1.0019380    
      -0.13131313E-02 1.0014158    
      -0.11111111E-02 1.0013964    
      -0.90909091E-03 1.0013764    
      -0.70707071E-03 1.0013539    
      -0.50505051E-03 1.0013388    
      -0.30303030E-03 1.0003190    
      -0.10101010E-03 0.99981409    
       0.10101010E-03 1.0012935    
       0.30303030E-03 1.0007726    
       0.50505051E-03 0.99981777    
       0.70707071E-03 0.99943588    
       0.90909091E-03 1.0014177    
       0.11111111E-02 1.0003981    
       0.13131313E-02 0.99937138    
       0.15151515E-02 0.99935449    
       0.17171717E-02 0.99932112    
       0.19191919E-02 0.99930268    
       0.21212121E-02 0.99928517    
       0.23232323E-02 0.99918914    
       0.25252525E-02 0.99900184    
       0.27272727E-02 0.99998365    
       0.29292929E-02 0.99996606    
       0.31313131E-02 0.99894938    
       0.33333333E-02 0.99843300    
       0.35353535E-02 1.0009156    
       0.37373737E-02 0.99989701    
       0.39393939E-02 0.99937928    
       0.41414141E-02 0.99936224    
       0.43434343E-02 1.0003455    
       0.45454545E-02 0.99982587    
       0.47474747E-02 0.99980715    
       0.49494949E-02 0.99978971    
       0.51515152E-02 0.99977324    
       0.53535354E-02 1.0007533    
       0.55555556E-02 1.0012331    
       0.57575758E-02 1.0002138    
       0.59595960E-02 0.99919534    
       0.61616162E-02 1.0016816    
       0.63636364E-02 1.0011608    
       0.65656566E-02 1.0006404    
       0.67676768E-02 1.0001209    
       0.69696970E-02 1.0016009    
       0.71717172E-02 1.0016433    
       0.73737374E-02 1.0011218    
       0.75757576E-02 1.0011016    
       0.77777778E-02 1.0010823    
       0.79797980E-02 1.0015518    
       0.81818182E-02 1.0020299    
       0.83838384E-02 1.0010089    
       0.85858586E-02 1.0004888    
       0.87878788E-02 1.0024668    
       0.89898990E-02 1.0018646    
       0.91919192E-02 1.0008435    
       0.93939394E-02 1.0003234    
       0.95959596E-02 1.0023036    
       0.97979798E-02 1.0012823    
       0.10000000E-01 1.0002618    
