      -0.30000000E-01 0.94709673    
      -0.29393939E-01 1.0845040    
      -0.28787879E-01 1.0779512    
      -0.28181818E-01 1.0714379    
      -0.27575758E-01 1.0649639    
      -0.26969697E-01 1.0585291    
      -0.26363636E-01 1.0521332    
      -0.25757576E-01 1.0457759    
      -0.25151515E-01 1.0394571    
      -0.24545455E-01 1.0331764    
      -0.23939394E-01 1.0269336    
      -0.23333333E-01 1.0207286    
      -0.22727273E-01 1.0145611    
      -0.22121212E-01 1.0084308    
      -0.21515152E-01 1.0023376    
      -0.20909091E-01 0.99628121    
      -0.20303030E-01 0.99026140    
      -0.19696970E-01 0.98427104    
      -0.19090909E-01 0.97832380    
      -0.18484848E-01 0.97241250    
      -0.17878788E-01 0.96653691    
      -0.17272727E-01 0.96069683    
      -0.16666667E-01 0.95489203    
      -0.16060606E-01 0.94912231    
      -0.15454545E-01 0.94338745    
      -0.14848485E-01 0.93768724    
      -0.14242424E-01 0.93202147    
      -0.13636364E-01 0.92638994    
      -0.13030303E-01 0.92079244    
      -0.12424242E-01 0.91522875    
      -0.11818182E-01 0.90969869    
      -0.11212121E-01 0.90420203    
      -0.10606061E-01 0.89873859    
      -0.10000000E-01 0.89330817    
      -0.93939394E-02 1.0310405    
      -0.87878788E-02 1.0248106    
      -0.81818182E-02 1.0186184    
      -0.75757576E-02 1.0124637    
      -0.69696970E-02 1.0063461    
      -0.63636364E-02 1.0002655    
      -0.57575758E-02 0.99422157    
      -0.51515152E-02 0.98821421    
      -0.45454545E-02 0.98224315    
      -0.39393939E-02 0.97630816    
      -0.33333333E-02 0.97040903    
      -0.27272727E-02 0.96454555    
      -0.21212121E-02 0.95871750    
      -0.15151515E-02 0.95292466    
      -0.90909091E-03 0.94716683    
      -0.30303030E-03 0.94144378    
       0.30303030E-03 1.0882855    
       0.90909091E-03 1.0817097    
       0.15151515E-02 1.0751737    
       0.21212121E-02 1.0686772    
       0.27272727E-02 1.0622200    
       0.33333333E-02 1.0558018    
       0.39393939E-02 1.0494223    
       0.45454545E-02 1.0430814    
       0.51515152E-02 1.0367788    
       0.57575758E-02 1.0305143    
       0.63636364E-02 1.0242877    
       0.69696970E-02 1.0180986    
       0.75757576E-02 1.0119470    
       0.81818182E-02 1.0058325    
       0.87878788E-02 0.99975503    
       0.93939394E-02 0.99371423    
       0.10000000E-01 0.98770340    
       0.10606061E-01 0.98173542    
       0.11212121E-01 0.97580350    
       0.11818182E-01 0.96990743    
       0.12424242E-01 0.96404698    
       0.13030303E-01 0.95822194    
       0.13636364E-01 0.95243209    
       0.14242424E-01 0.94667723    
       0.14848485E-01 0.94095715    
       0.15454545E-01 0.93527162    
       0.16060606E-01 0.92962045    
       0.16666667E-01 0.92400343    
       0.17272727E-01 0.91842034    
       0.17878788E-01 0.91287099    
       0.18484848E-01 0.90735517    
       0.19090909E-01 0.90187268    
       0.19696970E-01 0.89642331    
       0.20303030E-01 1.0435439    
       0.20909091E-01 1.0372386    
       0.21515152E-01 1.0309713    
       0.22121212E-01 1.0247419    
       0.22727273E-01 1.0185501    
       0.23333333E-01 1.0123957    
       0.23939394E-01 1.0062785    
       0.24545455E-01 1.0001983    
       0.25151515E-01 0.99415486    
       0.25757576E-01 0.98814790    
       0.26363636E-01 0.98217723    
       0.26969697E-01 0.97624265    
       0.27575758E-01 0.97034392    
       0.28181818E-01 0.96448083    
       0.28787879E-01 0.95865317    
       0.29393939E-01 0.95286072    
       0.30000000E-01 0.94709673    
